0.0	0.0	0.0024979173609870897	0.009966711079379187	0.02233175543719701	0.03946950299855745	0.06120871905481362	0.08733219254516084	0.11757890635775575	0.1516466453264173	0.1891950158646678	0.22984884706593012	0.27320193928721137	0.3188211227616632	0.3662505856877063	0.41501642854987947	0.46463139916614854	0.5145997611506444
0.5644222471477623
0.6136010473465435
0.6616447834317517
0.7080734182735712
0.7524230522999288
0.7942505586276729
0.833138010639912
0.8686968577706227
0.9005718077734668
0.9284443766844737
0.9520360710085306
0.971111170334329
0.9854790825747952
0.9949962483002227
0.9995675751366397
0.9991473878973766
0.9937398849544324
0.9833990962897305
0.9682283436453982
0.9483792081670734
0.1	0.02233175543719701	0.03946950299855745	0.06120871905481362	0.08733219254516089	0.11757890635775581	0.1516466453264173	0.1891950158646678	0.22984884706593012	0.27320193928721137	0.3188211227616633	0.3662505856877063	0.4150164285498796	0.46463139916614854	0.5145997611506444	0.5644222471477623	0.6136010473465435	0.6616447834317518
0.7080734182735712
0.7524230522999288
0.7942505586276729
0.833138010639912
0.8686968577706229
0.9005718077734668
0.9284443766844735
0.9520360710085306
0.971111170334329
0.9854790825747953
0.9949962483002227
0.9995675751366397
0.9991473878973766
0.9937398849544324
0.9833990962897304
0.9682283436453982
0.9483792081670737
0.9240500158552041
0.8954838559572085
0.86296615210007
0.2	0.08733219254516089	0.11757890635775581	0.1516466453264173	0.1891950158646678	0.22984884706593012	0.27320193928721137	0.3188211227616633	0.3662505856877063	0.4150164285498796	0.46463139916614854	0.5145997611506444	0.5644222471477625	0.6136010473465435	0.6616447834317518	0.7080734182735712	0.7524230522999288	0.7942505586276729
0.833138010639912
0.8686968577706229
0.9005718077734668
0.9284443766844737
0.9520360710085306
0.9711111703343291
0.9854790825747952
0.9949962483002227
0.9995675751366397
0.9991473878973766
0.9937398849544324
0.9833990962897305
0.9682283436453982
0.9483792081670734
0.9240500158552041
0.8954838559572083
0.8629661521000701
0.8268218104318059
0.7874119732666346
0.7451304106703497
0.3	0.18919501586466775	0.22984884706593012	0.27320193928721126	0.3188211227616632	0.3662505856877062	0.41501642854987947	0.46463139916614854	0.5145997611506443	0.5644222471477623	0.6136010473465434	0.6616447834317517	0.7080734182735712	0.7524230522999286	0.7942505586276729	0.833138010639912	0.8686968577706227	0.9005718077734668
0.9284443766844735
0.9520360710085306
0.971111170334329
0.9854790825747952
0.9949962483002227
0.9995675751366397
0.9991473878973766
0.9937398849544324
0.9833990962897305
0.9682283436453982
0.9483792081670734
0.9240500158552041
0.8954838559572085
0.8629661521000701
0.8268218104318059
0.7874119732666346
0.7451304106703501
0.7003995860399878
0.6536664349892096
0.6053978997153898
0.4	0.3188211227616633	0.3662505856877064	0.4150164285498796	0.46463139916614865	0.5145997611506444	0.5644222471477625	0.6136010473465436	0.6616447834317518	0.7080734182735712	0.7524230522999288	0.7942505586276729	0.8331380106399122	0.8686968577706229	0.9005718077734668	0.9284443766844737	0.9520360710085306	0.9711111703343291
0.9854790825747953
0.9949962483002227
0.9995675751366397
0.9991473878973766
0.9937398849544324
0.9833990962897304
0.9682283436453982
0.9483792081670734
0.9240500158552041
0.8954838559572083
0.86296615210007
0.8268218104318059
0.7874119732666346
0.7451304106703497
0.7003995860399873
0.6536664349892096
0.6053978997153898
0.5560762634675275
0.5061943317314452
0.45625050828027636
0.5	0.46463139916614854	0.5145997611506444	0.5644222471477623	0.6136010473465435	0.6616447834317517	0.7080734182735712	0.7524230522999288	0.7942505586276729	0.833138010639912	0.8686968577706227	0.9005718077734668	0.9284443766844737	0.9520360710085306	0.971111170334329	0.9854790825747952	0.9949962483002227	0.9995675751366397
0.9991473878973766
0.9937398849544324
0.9833990962897305
0.9682283436453982
0.9483792081670734
0.9240500158552041
0.8954838559572085
0.8629661521000701
0.8268218104318059
0.7874119732666346
0.7451304106703497
0.7003995860399878
0.6536664349892096
0.6053978997153898
0.5560762634675275
0.5061943317314452
0.4562505082802768
0.4067438152887121
0.3581689072683869
0.3110111286435099
0.6	0.6136010473465434	0.6616447834317517	0.7080734182735711	0.7524230522999286	0.7942505586276727	0.833138010639912	0.8686968577706227	0.9005718077734668	0.9284443766844735	0.9520360710085305	0.971111170334329	0.9854790825747952	0.9949962483002227	0.9995675751366397	0.9991473878973766	0.9937398849544324	0.9833990962897305
0.9682283436453982
0.9483792081670737
0.9240500158552041
0.8954838559572085
0.8629661521000701
0.8268218104318059
0.7874119732666346
0.7451304106703501
0.7003995860399878
0.6536664349892096
0.6053978997153898
0.5560762634675275
0.5061943317314457
0.4562505082802768
0.4067438152887121
0.3581689072683869
0.3110111286435099
0.26574166434981183
0.22281283191041962
0.18265356202868266
0.7	0.7524230522999286	0.7942505586276727	0.833138010639912	0.8686968577706226	0.9005718077734668	0.9284443766844735	0.9520360710085305	0.971111170334329	0.9854790825747952	0.9949962483002227	0.9995675751366397	0.9991473878973766	0.9937398849544324	0.9833990962897305	0.9682283436453982	0.9483792081670737	0.9240500158552041
0.8954838559572085
0.8629661521000702
0.8268218104318061
0.7874119732666346
0.7451304106703501
0.7003995860399878
0.6536664349892101
0.6053978997153898
0.5560762634675275
0.5061943317314457
0.4562505082802768
0.40674381528871256
0.3581689072683869
0.3110111286435099
0.26574166434981183
0.22281283191041962
0.18265356202868305
0.14566511285437
0.1122170607448752
0.08264360758042033
0.8	0.8686968577706229	0.900571807773467	0.9284443766844738	0.9520360710085306	0.9711111703343291	0.9854790825747953	0.9949962483002228	0.9995675751366397	0.9991473878973766	0.9937398849544324	0.9833990962897304	0.9682283436453981	0.9483792081670734	0.9240500158552041	0.8954838559572083	0.86296615210007	0.8268218104318059
0.7874119732666343
0.7451304106703497
0.7003995860399873
0.6536664349892096
0.6053978997153898
0.556076263467527
0.5061943317314452
0.45625050828027636
0.4067438152887121
0.3581689072683869
0.31101112864350944
0.26574166434981145
0.22281283191041923
0.18265356202868266
0.14566511285437
0.11221706074487492
0.08264360758042011
0.05724024152934032
0.036260784627982046
0.019914856674817016
0.9	0.9520360710085306	0.9711111703343291	0.9854790825747953	0.9949962483002227	0.9995675751366397	0.9991473878973766	0.9937398849544324	0.9833990962897304	0.9682283436453982	0.9483792081670734	0.9240500158552041	0.8954838559572083	0.86296615210007	0.8268218104318059	0.7874119732666346	0.7451304106703497	0.7003995860399873
0.6536664349892096
0.6053978997153898
0.5560762634675275
0.5061943317314452
0.45625050828027636
0.4067438152887121
0.3581689072683869
0.3110111286435099
0.26574166434981145
0.22281283191041923
0.18265356202868266
0.14566511285437
0.1122170607448752
0.08264360758042011
0.05724024152934032
0.036260784627982046
0.019914856674817016
0.008365780778707754
0.0017289514883912505
7.068180829244985e-5
1.0	0.9949962483002227	0.9995675751366397	0.9991473878973766	0.9937398849544324	0.9833990962897305	0.9682283436453982	0.9483792081670734	0.9240500158552041	0.8954838559572085	0.8629661521000701	0.8268218104318059	0.7874119732666346	0.7451304106703497	0.7003995860399878	0.6536664349892096	0.6053978997153898	0.5560762634675275
0.5061943317314452
0.4562505082802768
0.4067438152887121
0.3581689072683869
0.3110111286435099
0.26574166434981145
0.22281283191041962
0.18265356202868266
0.14566511285437
0.1122170607448752
0.08264360758042011
0.05724024152934054
0.036260784627982046
0.019914856674817016
0.008365780778707754
0.0017289514883912505
7.068180829244985e-5
0.003407540620903704
0.011706187135988255
0.024883704020735198
