0.0	0	0.0
0.0	1	0.0024979173609870897
0.0	2	0.009966711079379187
0.0	3	0.02233175543719701
0.0	4	0.03946950299855745
0.0	5	0.06120871905481362
0.0	6	0.08733219254516084
0.0	7	0.11757890635775575
0.0	8	0.1516466453264173
0.0	9	0.1891950158646678
0.0	10	0.22984884706593012
0.0	11	0.27320193928721137
0.0	12	0.3188211227616632
0.0	13	0.3662505856877063
0.0	14	0.41501642854987947
0.0	15	0.46463139916614854
0.0	16	0.5145997611506444
0.0	17	0.5644222471477623
0.0	18	0.6136010473465435
0.0	19	0.6616447834317517
0.0	20	0.7080734182735712
0.0	21	0.7524230522999288
0.0	22	0.7942505586276729
0.0	23	0.833138010639912
0.0	24	0.8686968577706227
0.0	25	0.9005718077734668
0.0	26	0.9284443766844737
0.0	27	0.9520360710085306
0.0	28	0.971111170334329
0.0	29	0.9854790825747952
0.0	30	0.9949962483002227
0.0	31	0.9995675751366397
0.0	32	0.9991473878973766
0.0	33	0.9937398849544324
0.0	34	0.9833990962897305
0.0	35	0.9682283436453982
0.0	36	0.9483792081670734
0.0	37	0.9240500158552041
0.0	38	0.8954838559572085
0.0	39	0.8629661521000701
0.0	40	0.8268218104318059
0.1	0	0.010961721899165408
0.1	1	0.02456121088221377
0.1	2	0.04340987833625567
0.1	3	0.06731939460663149
0.1	4	0.09605086371020297
0.1	5	0.12931721030504797
0.1	6	0.1667860480523833
0.1	7	0.2080830007109884
0.1	8	0.2527954427808562
0.1	9	0.30047662232079303
0.1	10	0.3506501247461379
0.1	11	0.40281463300581194
0.1	12	0.4564489365765782
0.1	13	0.5110171392263014
0.1	14	0.5659740135119549
0.1	15	0.6207704485120039
0.1	16	0.6748589363612212
0.1	17	0.7276990427682942
0.1	18	0.7787628068566205
0.1	19	0.8275400163748657
0.1	20	0.8735433055691254
0.1	21	0.9163130247804362
0.1	22	0.955421833112228
0.1	23	0.9904789682793026
0.1	24	1.0211341509754195
0.1	25	1.0470810847483345
0.1	26	1.0680605164127053
0.1	27	1.083862826422219
0.1	28	1.0943301233188099
0.1	29	1.0993578213319157
0.1	30	1.0988956853649254
0.1	31	1.0929483329276595
0.1	32	1.0815751879997375
0.1	33	1.0648898872858177
0.1	34	1.043059144795206
0.1	35	1.0163010860905848
0.1	36	0.9848830688494925
0.1	37	0.9491190115147864
0.1	38	0.9093662567253292
0.1	39	0.8660220008664636
0.1	40	0.8195193254150249
0.2	0	0.047310882746094525
0.2	1	0.07336901430825636
0.2	2	0.10468242079497345
0.2	3	0.14093822899946626
0.2	4	0.18177418287073266
0.2	5	0.22678226305626237
0.2	6	0.2755127636965348
0.2	7	0.32747878573731465
0.2	8	0.38216110186405305
0.2	9	0.4390133444495822
0.2	10	0.4974674646788404
0.2	11	0.5569394083048603
0.2	12	0.6168349513257414
0.2	13	0.6765556372744531
0.2	14	0.73550475679803
0.2	15	0.7930933097801811
0.2	16	0.8487458904357531
0.2	17	0.901906436575133
0.2	18	0.9520437855938363
0.2	19	0.998656981673672
0.2	20	1.041280281167685
0.2	21	1.0794878061567201
0.2	22	1.1128977996808158
0.2	23	1.1411764401285547
0.2	24	1.164041176672259
0.2	25	1.1812635524224608
0.2	26	1.1926714870936246
0.2	27	1.1981509963734782
0.2	28	1.1976473308165818
0.2	29	1.1911655228826907
0.2	30	1.1787703366540794
0.2	31	1.1605856207342402
0.2	32	1.136793070793576
0.2	33	1.1076304141263233
0.2	34	1.0733890343580081
0.2	35	1.0344110600365801
0.2	36	0.9910859461970538
0.2	37	0.9438465830555353
0.2	38	0.8931649707132773
0.2	39	0.8395475030876901
0.2	40	0.7835299081917093
0.3	0	0.11314062013429467
0.3	1	0.15232584906361402
0.3	2	0.196461293292779
0.3	3	0.2451059660522898
0.3	4	0.2977738258517244
0.3	5	0.3539386328456468
0.3	6	0.41303920684819023
0.3	7	0.4744850344599738
0.3	8	0.537662169282791
0.3	9	0.6019393662690762
0.3	10	0.6666743889137589
0.3	11	0.7312204262691269
0.3	12	0.7949325556660084
0.3	13	0.8571741865679002
0.3	14	0.9173234211731781
0.3	15	0.9747792682123597
0.3	16	1.0289676478542071
0.3	17	1.0793471277216362
0.3	18	1.1254143327050534
0.3	19	1.1667089745200578
0.3	20	1.202818450755828
0.3	21	1.2333819674620214
0.3	22	1.2580941440826654
0.3	23	1.276708064717726
0.3	24	1.289037745225162
0.3	25	1.2949599915129937
0.3	26	1.294415630453947
0.3	27	1.2874101011237822
0.3	28	1.2740134004558463
0.3	29	1.2543593838548528
0.3	30	1.2286444277579245
0.3	31	1.197125467506148
0.3	32	1.1601174301315758
0.3	33	1.1179900877104239
0.3	34	1.071164362722716
0.3	35	1.0201081223340036
0.3	36	0.9653315036213003
0.3	37	0.9073818164520416
0.3	38	0.8468380749448026
0.3	39	0.7843052121516227
0.3	40	0.7204080357669167
0.4	0	0.2107006305660986
0.4	1	0.2628710253157456
0.4	2	0.3193562040718992
0.4	3	0.37959178559994583
0.4	4	0.442975915880493
0.4	5	0.5088752816357852
0.4	6	0.5766314381866301
0.4	7	0.645567388413979
0.4	8	0.7149943470903559
0.4	9	0.7842186229941676
0.4	10	0.8525485500430863
0.4	11	0.9193013981929107
0.4	12	0.9838101950504851
0.4	13	1.0454303900413822
0.4	14	1.103546294546181
0.4	15	1.1575772336576333
0.4	16	1.2069833480923924
0.4	17	1.251270988286515
0.4	18	1.2899976467787297
0.4	19	1.3227763795987133
0.4	20	1.3492796724833371
0.4	21	1.369242713290922
0.4	22	1.3824660379166218
0.4	23	1.3888175232718276
0.4	24	1.3882337074143911
0.4	25	1.3807204236393766
0.4	26	1.3663527421947024
0.4	27	1.3452742202040398
0.4	28	1.3176954672914862
0.4	29	1.28389204123982
0.4	30	1.244201694708223
0.4	31	1.199021000519354
0.4	32	1.148801389234797
0.4	33	1.0940446386101108
0.4	34	1.0352978599973612
0.4	35	0.9731480317893448
0.4	36	0.908216134525513
0.4	37	0.8411509462596956
0.4	38	0.7726225601842405
0.4	39	0.7033156892803398
0.4	40	0.6339228248922615
0.5	0	0.34004425436806873
0.5	1	0.40418192617769544
0.5	2	0.4716721112600703
0.5	3	0.5418404699951397
0.5	4	0.6139859033369982
0.5	5	0.6873875579638038
0.5	6	0.7613120288058863
0.5	7	0.8350206869867729
0.5	8	0.9077770599587632
0.5	9	0.9788541900931805
0.5	10	1.0475418982006972
0.5	11	1.1131538794070406
0.5	12	1.175034560484434
0.5	13	1.2325656501225861
0.5	14	1.2851723166910822
0.5	15	1.332328931767022
0.5	16	1.373564322040471
0.5	17	1.4084664771224247
0.5	18	1.4366866662164226
0.5	19	1.4579429225213922
0.5	20	1.4720228605507182
0.5	21	1.4787857982178203
0.5	22	1.4781641624850588
0.5	23	1.47016416453119
0.5	24	1.4548657376913212
0.5	25	1.4324217387894487
0.5	26	1.4030564208436003
0.5	27	1.3670631924038077
0.5	28	1.3248016859108618
0.5	29	1.2766941643678429
0.5	30	1.2232213022277767
0.5	31	1.1649173826533892
0.5	32	1.1023649591363531
0.5	33	1.0361890348153697
0.5	34	0.9670508176514007
0.5	35	0.8956411138562939
0.5	36	0.8226734255854595
0.5	37	0.748876821860188
0.5	38	0.6749886539509898
0.5	39	0.6017471880074314
0.5	40	0.5298842285468122
0.6	0	0.49884107008839085
0.6	1	0.573051222272793
0.6	2	0.6493523312658573
0.6	3	0.7269820216083186
0.6	4	0.8051646430952387
0.6	5	0.8831190208164588
0.6	6	0.9600662603980799
0.6	7	1.0352375304575785
0.6	8	1.1078817445128377
0.6	9	1.1772730655900026
0.6	10	1.2427181585465905
0.6	11	1.303563117647051
0.6	12	1.3592000001727222
0.6	13	1.4090729007845153
0.6	14	1.4526835059453065
0.6	15	1.4895960729040787
0.6	16	1.519441783493452
0.6	17	1.5419224292388978
0.6	18	1.5568133909592412
0.6	19	1.5639658830872698
0.6	20	1.56330844028594
0.6	21	1.554847631506401
0.6	22	1.5386679943532062
0.6	23	1.514931190412514
0.6	24	1.4838743899829552
0.6	25	1.445807902348408
0.6	26	1.4011120752702102
0.6	27	1.3502334946780497
0.6	28	1.2936805225309818
0.6	29	1.2320182174327725
0.6	30	1.1658626887531143
0.6	31	1.0958749406664652
0.6	32	1.022754267616832
0.6	33	0.9472312671988471
0.6	34	0.8700605402681014
0.6	35	0.7920131512188354
0.6	36	0.7138689237633943
0.6	37	0.6364086491914639
0.6	38	0.5604062849616059
0.6	39	0.4866212215741628
0.6	40	0.41579069499240223
0.7	0	0.6823773523159292
0.7	1	0.7639551645549771
0.7	2	0.8461140291321806
0.7	3	0.9280330418307943
0.7	4	1.0088936949547587
0.7	5	1.0878880555870378
0.7	6	1.1642268381882575
0.7	7	1.2371472908769128
0.7	8	1.3059208165940364
0.7	9	1.3698602530041668
0.7	10	1.4283267383942626
0.7	11	1.480736094968756
0.7	12	1.5265646657609848
0.7	13	1.5653545468405043
0.7	14	1.596718162537798
0.7	15	1.6203421379722514
0.7	16	1.6359904301903716
0.7	17	1.6435066866289527
0.7	18	1.6428158073382046
0.7	19	1.6339246953556261
0.7	20	1.6169221877331361
0.7	21	1.591978167906617
0.7	22	1.5593418682767781
0.7	23	1.5193393799613955
0.7	24	1.472370394600651
0.7	25	1.4189042107703869
0.7	26	1.3594750449058646
0.7	27	1.2946766935877325
0.7	28	1.225156600522874
0.7	29	1.1516093875009048
0.7	30	1.0747699139628648
0.7	31	0.9954059345285938
0.7	32	0.914310427846355
0.7	33	0.8322936734123062
0.7	34	0.7501751555256178
0.7	35	0.6687753752722408
0.7	36	0.5889076523492781
0.7	37	0.5113699986434158
0.7	38	0.4369371447599424
0.7	39	0.3663527991706305
0.7	40	0.30032221732452674
0.8	0	0.8837510341874988
0.8	1	0.9693139839784056
0.8	2	1.053771496042913
0.8	3	1.1362796988384145
0.8	4	1.216014197676163
0.8	5	1.2921783118004928
0.8	6	1.3640110345595826
0.8	7	1.430794637132364
0.8	8	1.4918618398376555
0.8	9	1.5466024793721573
0.8	10	1.5944696053604916
0.8	11	1.6349849453025505
0.8	12	1.6677436833142238
0.8	13	1.6924185049138984
0.8	14	1.7087628674405613
0.8	15	1.7166134634265746
0.8	16	1.7158918523119078
0.8	17	1.7066052441962856
0.8	18	1.6888464277982547
0.8	19	1.6627928433409809
0.8	20	1.62870480962819
0.8	21	1.5869229230247353
0.8	22	1.5378646543303025
0.8	23	1.4820201775491793
0.8	24	1.4199474722336325
0.8	25	1.352266748336667
0.8	26	1.2796542492791878
0.8	27	1.2028354951492766
0.8	28	1.122578033545296
0.8	29	1.0396837704940032
0.8	30	0.954980958070606
0.8	31	0.869315918777811
0.8	32	0.7835445893711357
0.8	33	0.6985239686217801
0.8	34	0.6151035544681905
0.8	35	0.5341168561134667
0.8	36	0.4563730658769252
0.8	37	0.38264897401193
0.8	38	0.3136812072744519
0.8	39	0.2501588687920187
0.8	40	0.19271665277305314
0.9	0	1.0942512595086986
0.9	1	1.1799289469084915
0.9	2	1.262726380799176
0.9	3	1.3418162765905102
0.9	4	1.4164083941873902
0.9	5	1.4857574338076636
0.9	6	1.5491704827711898
0.9	7	1.6060139388542924
0.9	8	1.6557198410337375
0.9	9	1.697791544365534
0.9	10	1.7318086822970475
0.9	11	1.7574313668306372
0.9	12	1.7744035845721762
0.9	13	1.782555754732261
0.9	14	1.7818064235214008
0.9	15	1.7721630780093587
0.9	16	1.753722071316825
0.9	17	1.7266676598868849
0.9	18	1.6912701624555468
0.9	19	1.647883259116288
0.9	20	1.596940457465471
0.9	21	1.5389507611377384
0.9	22	1.4744935840099533
0.9	23	1.404212960889266
0.9	24	1.3288111125302122
0.9	25	1.24904142927706
0.9	26	1.1657009434365213
0.9	27	1.0796223655944153
0.9	28	0.9916657644467439
0.9	29	0.9027099732775873
0.9	30	0.8136438089474345
0.9	31	0.7253571911289108
0.9	32	0.6387322505235851
0.9	33	0.5546345149035862
0.9	34	0.4739042610442132
0.9	35	0.3973481189561565
0.9	36	0.32573101230506246
0.9	37	0.25976851554712227
0.9	38	0.20011970414563784
0.9	39	0.14738056930685706
0.9	40	0.1020780630328496
1.0	0	1.3038966548645268
1.0	1	1.3855652191109133
1.0	2	1.4625893583803227
1.0	3	1.5341994729339705
1.0	4	1.5996800581783936
1.0	5	1.6583768537508337
1.0	6	1.7097033806725113
1.0	7	1.7531468012527194
1.0	8	1.7882730431935059
1.0	9	1.8147311366965906
1.0	10	1.8322567212375733
1.0	11	1.840674686968909
1.0	12	1.8399009243596194
1.0	13	1.8299431645899245
1.0	14	1.8109009023038456
1.0	15	1.78296440149161
1.0	16	1.7464127944347538
1.0	17	1.701611292708635
1.0	18	1.6490075381090932
1.0	19	1.5891271299635972
1.0	20	1.5225683735165056
1.0	21	1.4499963018608386
1.0	22	1.372136031147441
1.0	23	1.2897655154640992
1.0	24	1.2037077737754467
1.0	25	1.114822666589531
1.0	26	1.0239983045158432
1.0	27	0.9321421745576796
1.0	28	0.8401720728019847
1.0	29	0.7490069341042258
1.0	30	0.6595576503950846
1.0	31	0.5727179693493796
1.0	32	0.48935556435473676
1.0	33	0.41030336500591674
1.0	34	0.33635123474762846
1.0	35	0.2682380788200901
1.0	36	0.20664446136211287
1.0	37	0.15218580543919355
1.0	38	0.10540624393967658
1.0	39	0.06677318277879714
1.0	40	0.036672630733283404
1.1	0	1.5020925022095617
1.1	1	1.5756367376691445
1.1	2	1.642885891078044
1.1	3	1.7031680311250126
1.1	4	1.7558808385933284
1.1	5	1.8004976245353044
1.1	6	1.8365725927741576
1.1	7	1.863745294152044
1.1	8	1.8817442280188967
1.1	9	1.890389554977175
1.1	10	1.8895948937776765
1.1	11	1.8793681844124268
1.1	12	1.8598116087809025
1.1	13	1.8311205697222699
1.1	14	1.7935817386148054
1.1	15	1.7475701910502481
1.1	16	1.6935456592024665
1.1	17	1.6320479383355486
1.1	18	1.5636914933479522
1.1	19	1.4891593192423576
1.1	20	1.4091961168653653
1.1	21	1.3246008521028065
1.1	22	1.2362187728767131
1.1	23	1.14493296370748
1.1	24	1.05165552222525
1.1	25	0.9573184457918891
1.1	26	0.8628643192914295
1.1	27	0.7692368971334813
1.1	28	0.677371673571135
1.1	29	0.5881865355516198
1.1	30	0.502572591493339
1.1	31	0.4213852676251163
1.1	32	0.3454357608500826
1.1	33	0.27548293353436415
1.1	34	0.21222573120516916
1.1	35	0.15629619891811955
1.1	36	0.10825316607198264
1.1	37	0.06857666277004221
1.1	38	0.037663123517982545
1.1	39	0.015821426181352592
1.1	40	0.0032698057800347063
1.2	0	1.6783562830697554
1.2	1	1.7399399323385014
1.2	2	1.7937908249008816
1.2	3	1.8393709004391505
1.2	4	1.8762247379053005
1.2	5	1.9039841059376281
1.2	6	1.9223716421067816
1.2	7	1.9312036242294703
1.2	8	1.930391806059789
1.2	9	1.9199442990165383
1.2	10	1.8999654911366073
1.2	11	1.8706550040642167
1.2	12	1.8323056984974349
1.2	13	1.7853007480208893
1.2	14	1.7301098105619723
1.2	15	1.6672843357240739
1.2	16	1.5974520548844335
1.2	17	1.5213107091097187
1.2	18	1.4396210775579263
1.2	19	1.3531993760245216
1.2	20	1.262909101584008
1.2	21	1.1696524048126002
1.2	22	1.0743610757978723
1.2	23	0.9779872340002133
1.2	24	0.8814938149899084
1.2	25	0.7858449491132257
1.2	26	0.6919963282206945
1.2	27	0.6008856567100422
1.2	28	0.51342328229382
1.2	29	0.43048310010597635
1.2	30	0.3528938210305541
1.2	31	0.2814306914964699
1.2	32	0.2168077474714574
1.2	33	0.15967068005070942
1.2	34	0.11059038392489036
1.2	35	0.07005725318910089
1.2	36	0.03847628148718178
1.2	37	0.01616301544909672
1.2	38	0.003340401853313214
1.2	39	0.00013656001628785554
1.2	40	0.006583501666606987
1.3	0	1.823054555543362
1.3	1	1.8693782200412243
1.3	2	1.906833287460042
1.3	3	1.9350455191471652
1.3	4	1.9537330278093001
1.3	5	1.962709094037164
1.3	6	1.961884031944101
1.3	7	1.9512660852778156
1.3	8	1.9309613450515706
1.3	9	1.9011726895178527
1.3	10	1.8621977570759332
1.3	11	1.814425972367373
1.3	12	1.7583346552737273
1.3	13	1.6944842516940708
1.3	14	1.6235127337548352
1.3	15	1.5461292254032044
1.3	16	1.4631069170750397
1.3	17	1.3752753402316316
1.3	18	1.283512078955538
1.3	19	1.1887340014205308
1.3	20	1.0918880988478712
1.3	21	0.9939420234830653
1.3	22	0.8958744201344915
1.3	23	0.7986651478779695
1.3	24	0.7032854896287727
1.3	25	0.6106884474038035
1.3	26	0.5217992202404605
1.3	27	0.43750595991368885
1.3	28	0.35865089681702683
1.3	29	0.28602192467491744
1.3	30	0.22034472816905806
1.3	31	0.1622755321369403
1.3	32	0.11239454479019333
1.3	33	0.07120016046592408
1.3	34	0.039103979835247174
1.3	35	0.01642669732543743
1.3	36	0.003394896847219879
1.3	37	0.00013878784323272876
1.3	38	0.006690904278317053
1.3	39	0.022985779570895187
1.3	40	0.04886060071341332
1.4	0	1.9280924109290711
1.4	1	1.9566191784074025
1.4	2	1.975515032527208
1.4	3	1.9845911721602612
1.4	4	1.9837569115195215
1.4	5	1.9730205862615413
1.4	6	1.9524894701993412
1.4	7	1.92236870345793
1.4	8	1.8829592427819861
1.4	9	1.8346548544755472
1.4	10	1.7779381800192646
1.4	11	1.7133759136762645
1.4	12	1.6416131402703988
1.4	13	1.5633668897119202
1.4	14	1.4794189726716371
1.4	15	1.390608168987123
1.4	16	1.2978218468518457
1.4	17	1.2019870965255015
1.4	18	1.1040614671545943
1.4	19	1.0050233992578879
1.4	20	0.9058624484721732
1.4	21	0.8075693982394496
1.4	22	0.7111263602262806
1.4	23	0.617496961388663
1.4	24	0.5276167157300179
1.4	25	0.4423836769545068
1.4	26	0.36264946541127846
1.4	27	0.2892107589854475
1.4	28	0.2228013329560111
1.4	29	0.1640847283558178
1.4	30	0.11364762208890342
1.4	31	0.07199396504879665
1.4	32	0.039539946807774326
1.4	33	0.01660983718822796
1.4	34	0.0034327462657896646
1.4	35	0.00014033517718934068
1.4	36	0.006765500605697969
1.4	37	0.023242046088342266
1.4	38	0.049405343429081455
1.4	39	0.08499397760932322
1.4	40	0.12965235876037734
1.5	0	1.9875000176695379
1.5	1	1.9966312201074095
1.5	2	1.9957918982035463
1.5	3	1.9849904381849688
1.5	4	1.9643347646696947
1.5	5	1.9340312623196307
1.5	6	1.8943827137132523
1.5	7	1.8457852740421672
1.5	8	1.7887245128593912
1.5	9	1.723770562428882
1.5	10	1.6515724211524203
1.5	11	1.5728514689921085
1.5	12	1.4883942596802437
1.5	13	1.3990446617344308
1.5	14	1.3056954268022913
1.5	15	1.2092792695821153
1.5	16	1.1107595484459014
1.5	17	1.0111206398809516
1.5	18	0.9113581029254046
1.5	19	0.812468731871408
1.5	20	0.7154405966260554
1.5	21	0.6212431702434796
1.5	22	0.5308176422705658
1.5	23	0.4450675146921151
1.5	24	0.3648495744376663
1.5	25	0.2909653326497179
1.5	26	0.22415301624933084
1.5	27	0.165080191816762
1.5	28	0.11433709548686292
1.5	29	0.07243073550472351
1.5	30	0.03977982636688528
1.5	31	0.0167106051644973
1.5	32	0.0034535719301431412
1.5	33	0.00014118655770827747
1.5	34	0.006806545306904816
1.5	35	0.023383050116385414
1.5	36	0.04970507402955771
1.5	37	0.085509616084386
1.5	38	0.13043892913206584
1.5	39	0.18404409432828195
1.5	40	0.2457895065819044
1.6	0	1.9978687423874655
1.6	1	1.987056042244385
1.6	2	1.9663788741958161
1.6	3	1.9360438376699374
1.6	4	1.8963540303242845
1.6	5	1.8477060195941502
1.6	6	1.790585880321855
1.6	7	1.7255643380576005
1.6	8	1.6532910665584264
1.6	9	1.574488196462785
1.6	10	1.4899430999999075
1.6	11	1.400500523826756
1.6	12	1.3070541485986695
1.6	13	1.2105376596076618
1.6	14	1.1119154177076211
1.6	15	1.0121728237394327
1.6	16	0.9123064727315102
1.6	17	0.8133141962516984
1.6	18	0.7161850924040871
1.6	19	0.6218896430877081
1.6	20	0.5313700172621987
1.6	21	0.4455306571069982
1.6	22	0.365229241134058
1.6	23	0.29126811454766005
1.6	24	0.22438627247635753
1.6	25	0.16525197617792886
1.6	26	0.11445607599378901
1.6	27	0.07250610776768608
1.6	28	0.03982122171531903
1.6	29	0.01672799441393603
1.6	30	0.0034571657571264656
1.6	31	0.0001413334780768229
1.6	32	0.006813628276850707
1.6	33	0.02340738278938615
1.6	34	0.049756797705759866
1.6	35	0.0855985983820864
1.6	36	0.13057466539373183
1.6	37	0.18423561274622643
1.6	38	0.24604527799157516
1.6	39	0.31538607938620544
1.6	40	0.39156518656360445
1.7	0	1.9586013747110151
1.7	1	1.9283863205212197
1.7	2	1.8888534958711365
1.7	3	1.8403978996768555
1.7	4	1.7835036842382592
1.7	5	1.7187393177492822
1.7	6	1.6467519043516297
1.7	7	1.568260718484096
1.7	8	1.4840500181301322
1.7	9	1.3949612087713197
1.7	10	1.301884436341925
1.7	11	1.2057496931849745
1.7	12	1.10751752587617
1.7	13	1.0081694377600228
1.7	14	0.9086980820928799
1.7	15	0.8100973437797067
1.7	16	0.7133524088046596
1.7	17	0.6194299205783844
1.7	18	0.5292683215565908
1.7	19	0.44376847663324365
1.7	20	0.36378467199632447
1.7	21	0.2901160793826363
1.7	22	0.22349877101797502
1.7	23	0.16459836502676606
1.7	24	0.11400337479578755
1.7	25	0.07221932874294765
1.7	26	0.03966371924443751
1.7	27	0.016661831188911885
1.7	28	0.003443491838408384
1.7	29	0.00014077447031521985
1.7	30	0.0067866787448412624
1.7	31	0.023314800983319173
1.7	32	0.0495599976518129
1.7	33	0.0852600354207195
1.7	34	0.13005821131351597
1.7	35	0.18350691676498943
1.7	36	0.24507210997806103
1.7	37	0.3141386518928935
1.7	38	0.3900164524530372
1.7	39	0.4719473657571621
1.7	40	0.5591127652022919
1.8	0	1.8719560532147166
1.8	1	1.8239339346087533
1.8	2	1.7675486875708064
1.8	3	1.7033636948507955
1.8	4	1.6320202716792402
1.8	5	1.5542312579574715
1.8	6	1.4707738957969663
1.8	7	1.3824820635730983
1.8	8	1.2902379440880472
1.8	9	1.1949632100918575
1.8	10	1.097609815232978
1.8	11	0.9991504824520844
1.8	12	0.9005689848559967
1.8	13	0.8028503161819827
1.8	14	0.7069708490659374
1.8	15	0.6138885794497455
1.8	16	0.5245335546025038
1.8	17	0.4397985803956433
1.8	18	0.3605303006817787
1.8	19	0.2875207379092032
1.8	20	0.22149937949538642
1.8	21	0.1631258890298395
1.8	22	0.11298351513358407
1.8	23	0.07157326383172684
1.8	24	0.03930889266686638
1.8	25	0.016512776570498645
1.8	26	0.003412686799264399
1.8	27	0.0001395151198442389
1.8	28	0.00672596598169199
1.8	29	0.023106229744987224
1.8	30	0.04911664022880239
1.8	31	0.0844973100094822
1.8	32	0.12889472712987243
1.8	33	0.18186528727394052
1.8	34	0.24287972611446643
1.8	35	0.3113284075472476
1.8	36	0.3865274149735344
1.8	37	0.4677253847686097
1.8	38	0.5541110136587606
1.8	39	0.6448211649954095
1.8	40	0.7389494929311908
1.9	0	1.742880307372179
1.9	1	1.6795910975036372
1.9	2	1.6092433621452906
1.9	3	1.532539992614971
1.9	4	1.4502473836262608
1.9	5	1.363187775725857
1.9	6	1.2722310397378191
1.9	7	1.17828598530184
1.9	8	1.0822912803477385
1.9	9	0.985206072235784
1.9	10	0.8880004042733302
1.9	11	0.791645523362734
1.9	12	0.6971041756233669
1.9	13	0.6053209869506251
1.9	14	0.5172130246262383
1.9	15	0.43366063428513085
1.9	16	0.3554986437928437
1.9	17	0.28350802192145746
1.9	18	0.21840807516777452
1.9	19	0.16084926068057637
1.9	20	0.11140668710780428
1.9	21	0.07057436830105591
1.9	22	0.03876028729247865
1.9	23	0.01628231986317259
1.9	24	0.0033650584334632846
1.9	25	0.00013756800967750017
1.9	26	0.006632096609263306
1.9	27	0.022783753049259226
1.9	28	0.048431155317544584
1.9	29	0.08331804304855878
1.9	30	0.12709583799216573
1.9	31	0.1793271268923038
1.9	32	0.23949003197565066
1.9	33	0.3069834253818264
1.9	34	0.3811329354342662
1.9	35	0.461197684739096
1.9	36	0.5463776927871488
1.9	37	0.6358218690947745
1.9	38	0.7286365170186222
1.9	39	0.8238942632770799
1.9	40	0.920643323957559
2.0	0	1.5786487551007986
2.0	1	1.5034036544097178
2.0	2	1.422675575742462
2.0	3	1.3372711273759212
2.0	4	1.2480436423272148
2.0	5	1.1558846521322659
2.0	6	1.06171497895739
2.0	7	0.966475535048594
2.0	8	0.8711179214474419
2.0	9	0.7765949199079984
2.0	10	0.6838509730164973
2.0	11	0.5938127476332045
2.0	12	0.507379875943469
2.0	13	0.42541596663030734
2.0	14	0.34873997598190887
2.0	15	0.27811802515112116
2.0	16	0.21425574532613142
2.0	17	0.15779122729688752
2.0	18	0.10928864586285042
2.0	19	0.06923262278488636
2.0	20	0.03802338460483038
2.0	21	0.015972763714174464
2.0	22	0.003301082627891847
2.0	23	0.00013495259469616065
2.0	24	0.0065060085392954275
2.0	25	0.022350592976682272
2.0	26	0.04751039205668158
2.0	27	0.08173401738361023
2.0	28	0.12467951780602743
2.0	29	0.1759177960796082
2.0	30	0.2349368962649648
2.0	31	0.3011471190221664
2.0	32	0.3738869136916136
2.0	33	0.45242948828954727
2.0	34	0.5359900713733095
2.0	35	0.6237337532181823
2.0	36	0.7147838279593776
2.0	37	0.808230553347235
2.0	38	0.9031402405910585
2.0	39	0.9985645834688806
2.0	40	1.0935501334897586
2.1	0	1.3883339605359175
2.1	1	1.304991069106699
2.1	2	1.2179174243358726
2.1	3	1.1279830372992699
2.1	4	1.0360865026638033
2.1	5	0.943146020226596
2.1	6	0.8500902205661213
2.1	7	0.7578488864724279
2.1	8	0.6673436628648504
2.1	9	0.5794788480206247
2.1	10	0.4951323581254298
2.1	11	0.4151469554250542
2.1	12	0.3403218276236226
2.1	13	0.27140460266422745
2.1	14	0.20908387867765713
2.1	15	0.15398234373749262
2.1	16	0.10665055416671074
2.1	17	0.06756143356089364
2.1	18	0.03710554749198891
2.1	19	0.015587201106219398
2.1	20	0.0032213986076520896
2.1	21	0.0001316950072621726
2.1	22	0.006348961602104301
2.1	23	0.02181107751951787
2.1	24	0.046363550408352064
2.1	25	0.07976106007547051
2.1	26	0.12166990964402816
2.1	27	0.17167135974235928
2.1	28	0.22926581240936353
2.1	29	0.2938778029121871
2.1	30	0.364861749599611
2.1	31	0.4415084043405071
2.1	32	0.523051939096719
2.1	33	0.608677597823672
2.1	34	0.6975298372434467
2.1	35	0.7887208751504063
2.1	36	0.8813395608375336
2.1	37	0.9744604790131086
2.1	38	1.0671531962444052
2.1	39	1.1584915575409866
2.1	40	1.2475629401892256
2.2	0	1.1821533969755575
2.2	1	1.0948599245152153
2.2	2	1.0056619227304575
2.2	3	0.9154506285701793
2.2	4	0.8251274034657399
2.2	5	0.7355947272254955
2.2	6	0.6477471807548699
2.2	7	0.5624625076996588
2.2	8	0.48059284432166655
2.2	9	0.402956205234852
2.2	10	0.330328310073711
2.2	11	0.2634348327591029
2.2	12	0.20294415080431077
2.2	13	0.14946066710786718
2.2	14	0.10351877095957672
2.2	15	0.06557749859938221
2.2	16	0.036015946678989136
2.2	17	0.015129484453435822
2.2	18	0.003126802549134104
2.2	19	0.00012782779611236124
2.2	20	0.0061625249587735215
2.2	21	0.021170597337873905
2.2	22	0.04500208923521098
2.2	23	0.07741888426138989
2.2	24	0.11809708451607755
2.2	25	0.1666302468687536
2.2	26	0.2225334440041209
2.2	27	0.28524810965554354
2.2	28	0.3541476196145437
2.2	29	0.42854355275276235
2.2	30	0.5076925694983068
2.2	31	0.5908038390390425
2.2	32	0.677046941042653
2.2	33	0.7655601629420952
2.2	34	0.855459109882733
2.2	35	0.9458455413033747
2.2	36	1.0358163458590481
2.2	37	1.1244725650110285
2.2	38	1.210928375123394
2.2	39	1.2943199383199993
2.2	40	1.3738140336669655
2.3	0	0.9707452315030178
2.3	1	0.8836660832778965
2.3	2	0.7964788903631571
2.3	3	0.7100547983701507
2.3	4	0.6252573282580633
2.3	5	0.5429337483179396
2.3	6	0.46390660854798305
2.3	7	0.388965522005875
2.3	8	0.31885927525611585
2.3	9	0.25428834674218387
2.3	10	0.19589790783748026
2.3	11	0.1442713765062273
2.3	12	0.09992458798402415
2.3	13	0.06330064072268604
2.3	14	0.03476546909698041
2.3	15	0.014604187109317948
2.3	16	0.003018239624885401
2.3	17	0.00012338960114220544
2.3	18	0.0059485614226153965
2.3	19	0.02043555189801077
2.3	20	0.04343961180726025
2.3	21	0.07473089218788198
2.3	22	0.1139967409098352
2.3	23	0.16084482659225344
2.3	24	0.214807058648917
2.3	25	0.275344264294657
2.3	26	0.34185157578160147
2.3	27	0.4136644740377678
2.3	28	0.49006542832196703
2.3	29	0.5702910655537907
2.3	30	0.6535397976850872
2.3	31	0.7389798309027727
2.3	32	0.8257574766376578
2.3	33	0.9130056813384333
2.3	34	0.9998526897841529
2.3	35	1.0854307553742297
2.3	36	1.1688848103656357
2.3	37	1.249381009427141
2.3	38	1.326115061146225
2.3	39	1.3983202642430206
2.3	40	1.4652751681960483
2.4	0	0.7644309277313519
2.4	1	0.6814842864331363
2.4	2	0.6000988165464218
2.4	3	0.5210876947838583
2.4	4	0.44524037415649154
2.4	5	0.37331469602024064
2.4	6	0.30602931797557426
2.4	7	0.24405653327832513
2.4	8	0.18801555350771032
2.4	9	0.1384663216089119
2.4	10	0.09590391712826499
2.4	11	0.06075360954207908
2.4	12	0.033366609104609236
2.4	13	0.014016557671287379
2.4	14	0.002896794559758744
2.4	15	0.00011842476732877476
2.4	16	0.005709208846556564
2.4	17	0.01961328553098985
2.4	18	0.04169172988247446
2.4	19	0.07172394138321381
2.4	20	0.10940984810322207
2.4	21	0.15437290491985728
2.4	22	0.20616385583221755
2.4	23	0.2642652227785992
2.4	24	0.32809647610623255
2.4	25	0.3970198350316754
2.4	26	0.4703466401355778
2.4	27	0.5473442342199597
2.4	28	0.6272432827767518
2.4	29	0.709245460923888
2.4	30	0.7925314300036395
2.4	31	0.8762690241436416
2.4	32	0.9596215649832153
2.4	33	1.041756221486979
2.4	34	1.121852331317255
2.4	35	1.1991096006208741
2.4	36	1.2727561003008099
2.4	37	1.3420559788765578
2.4	38	1.4063168148688836
2.4	39	1.4648965352463594
2.4	40	1.5172098308068562
2.5	0	0.5725230211526695
2.5	1	0.49714262564298267
2.5	2	0.424780647990997
2.5	3	0.3561601051577229
2.5	4	0.2919666309242134
2.5	5	0.23284162526546962
2.5	6	0.17937584569390458
2.5	7	0.1321035046055601
2.5	8	0.09149693160643331
2.5	9	0.05796185415118225
2.5	10	0.031833343648517747
2.5	11	0.01337246753844465
2.5	12	0.0027636807927004887
2.5	13	0.00011298290165037713
2.5	14	0.0054468587624172705
2.5	15	0.0187120140505453
2.5	16	0.039775907719272835
2.5	17	0.0684280763058598
2.5	18	0.10438223681293622
2.5	19	0.1472791471535814
2.5	20	0.196690195579504
2.5	21	0.25212168322795375
2.5	22	0.31301975699756157
2.5	23	0.3787759434654473
2.5	24	0.44873322855253034
2.5	25	0.5221926221910231
2.5	26	0.5984201424021378
2.5	27	0.6766541490013934
2.5	28	0.7561129536555735
2.5	29	0.8360026302541632
2.5	30	0.9155249475566044
2.5	31	0.9938853448549951
2.5	32	1.070300870962033
2.5	33	1.1440080072004724
2.5	34	1.2142702962293563
2.5	35	1.2803857004823345
2.5	36	1.3416936166949578
2.5	37	1.3975814764341326
2.5	38	1.447490866679416
2.5	39	1.4909231093013267
2.5	40	1.5274442436883777
2.6	0	0.4027318568722584
2.6	1	0.3376731524196663
2.6	2	0.2768117238225455
2.6	3	0.22075567835732615
2.6	4	0.17006510950063053
2.6	5	0.12524650066040144
2.6	6	0.08674766456110754
2.6	7	0.05495326884702945
2.6	8	0.030180992610313033
2.6	9	0.01267835224648907
2.6	10	0.0026202283524697024
2.6	11	0.0001071183774300295
2.6	12	0.005164132485516928
2.6	13	0.01774074266338898
2.6	14	0.03771128757942348
2.6	15	0.06487622815020419
2.6	16	0.09896414126908325
2.6	17	0.13963443177614235
2.6	18	0.18648073557244585
2.6	19	0.23903497987579028
2.6	20	0.2967720600492207
2.6	21	0.35911508627298505
2.6	22	0.42544114763691937
2.6	23	0.49508753606035666
2.6	24	0.5673583678522054
2.6	25	0.6415315367507624
2.6	26	0.7168659289707829
2.6	27	0.7926088281674428
2.6	28	0.8680034363292437
2.6	29	0.9422964354535767
2.6	30	1.0147455144511919
2.6	31	1.0846267860732275
2.6	32	1.1512420197533118
2.6	33	1.213925618096582
2.6	34	1.2720512673088362
2.6	35	1.3250381951169297
2.6	36	1.372356973653355
2.6	37	1.4135348093244828
2.6	38	1.4481602668078712
2.6	39	1.4758873799780001
2.6	40	1.4964391086854392
2.7	0	0.26071601949278345
2.7	1	0.20791945134031795
2.7	2	0.16017637472621196
2.7	3	0.11796382269023169
2.7	4	0.08170356909870527
2.7	5	0.05175791441947371
2.7	6	0.0284260657353742
2.7	7	0.011941147165974192
2.7	8	0.002467870568430005
2.7	9	0.00010088979105518758
2.7	10	0.004863854923357439
2.7	11	0.016709175992161714
2.7	12	0.035518498464891315
2.7	13	0.06110388580893367
2.7	14	0.09320969729135231
2.7	15	0.1315151422565846
2.7	16	0.1756374853606347
2.7	17	0.22513587073611502
2.7	18	0.2795157268783437
2.7	19	0.33823370824033916
2.7	20	0.4007031241619152
2.7	21	0.4662998008888275
2.7	22	0.5343683181105999
2.7	23	0.6042285577036115
2.7	24	0.675182499246575
2.7	25	0.7465211944098468
2.7	26	0.8175318505327933
2.7	27	0.8875049526124377
2.7	28	0.9557413525428284
2.7	29	1.0215592547718209
2.7	30	1.0843010285768455
2.7	31	1.1433397788937167
2.7	32	1.1980856100448853
2.7	33	1.2479915197820515
2.7	34	1.292558864751826
2.7	35	1.331342342775274
2.7	36	1.363954442160099
2.7	37	1.3900693135893754
2.7	38	1.409426025900209
2.7	39	1.4218311732216697
2.7	40	1.4271608074223179
2.8	0	0.14980844633973378
2.8	1	0.11032823680599588
2.8	2	0.07641504415373154
2.8	3	0.048407717793711655
2.8	4	0.026586097672933948
2.8	5	0.011168218206376892
2.8	6	0.0023081297491968082
2.8	7	9.435937650201195e-5
2.8	8	0.004549026350081266
2.8	9	0.015627621110051813
2.8	10	0.03321944999966834
2.8	11	0.05714874127975142
2.8	12	0.08717640138180276
2.8	13	0.1230024038519069
2.8	14	0.1642687871158851
2.8	15	0.21056323111301567
2.8	16	0.26142317706178825
2.8	17	0.3163404491943462
2.8	18	0.37476633228077644
2.8	19	0.43611705421030983
2.8	20	0.49977961884927785
2.8	21	0.5651179308958542
2.8	22	0.6314791515340447
2.8	23	0.6982002213833344
2.8	24	0.7646144855688438
2.8	25	0.8300583547164672
2.8	26	0.8938779353185489
2.8	27	0.9554355632216625
2.8	28	1.0141161749560434
2.8	29	1.0693334532464773
2.8	30	1.1205356853006885
2.8	31	1.1672112753411998
2.8	32	1.2088938563012264
2.8	33	1.2451669496102424
2.8	34	1.2756681265101977
2.8	35	1.3000926293238544
2.8	36	1.3181964164927664
2.8	37	1.3297986009598586
2.8	38	1.3347832575331076
2.8	39	1.3331005811717418
2.8	40	1.3247673846217456
2.9	0	0.0709349309192816
2.9	1	0.04493615302699964
2.9	2	0.024679472775659586
2.9	3	0.010367288218364811
2.9	4	0.0021426019722323737
2.9	5	8.759238351404978e-5
2.9	6	0.004222792428724243
2.9	7	0.014506884555926794
2.9	8	0.030837113516055368
2.9	9	0.05305031305939669
2.9	10	0.08092453623882084
2.9	11	0.11418127303031265
2.9	12	0.1524882331130665
2.9	13	0.19546266600453327
2.9	14	0.24267518537672034
2.9	15	0.2936540593424452
2.9	16	0.3478899238444173
2.9	17	0.4048408720525255
2.9	18	0.4639378689177556
2.9	19	0.5245904367823
2.9	20	0.5861925552371301
2.9	21	0.6481287162775978
2.9	22	0.7097800742559591
2.9	23	0.7705306291825242
2.9	24	0.8297733815939304
2.9	25	0.8869163974911342
2.9	26	0.9413887227482584
2.9	27	0.9926460878974916
2.9	28	1.0401763462896951
2.9	29	1.0835045912944283
2.9	30	1.1221979014100183
2.9	31	1.1558696658720966
2.9	32	1.1841834475405641
2.9	33	1.2068563444682816
2.9	34	1.2236618165638107
2.9	35	1.2344319491051232
2.9	36	1.2390591304879988
2.9	37	1.2374971274456024
2.9	38	1.2297615469960044
2.9	39	1.215929680502014
2.9	40	1.196139731401432
3.0	0	0.022725241409278292
3.0	1	0.009546359829626073
3.0	2	0.001972941136368143
3.0	3	8.065642564836636e-5
3.0	4	0.0038884127807899595
3.0	5	0.013358164358969232
3.0	6	0.0283952925327007
3.0	7	0.04884955128788638
3.0	8	0.07451656843232313
3.0	9	0.10513988761509202
3.0	10	0.14041353075364169
3.0	11	0.17998505526564826
3.0	12	0.22345907555879502
3.0	13	0.2704012135929127
3.0	14	0.32034243904177284
3.0	15	0.3727837556890639
3.0	16	0.4272011872336413
3.0	17	0.48305101268752315
3.0	18	0.5397751990562714
3.0	19	0.5968069770202132
3.0	20	0.6535765039061315
3.0	21	0.7095165573668933
3.0	22	0.7640682028796418
3.0	23	0.816686378434791
3.0	24	0.8668453406154485
3.0	25	0.9140439176518546
3.0	26	0.9578105169640366
3.0	27	0.9977078371589816
3.0	28	1.033337237401603
3.0	29	1.064342720502189
3.0	30	1.0904144899226493
3.0	31	1.111292045161116
3.0	32	1.126766784586848
3.0	33	1.136684089718773
3.0	34	1.1409448701222376
3.0	35	1.1395065534878768
3.0	36	1.1323835110000573
3.0	37	1.1196469137447524
3.0	38	1.1014240215915776
3.0	39	1.0778969116552408
3.0	40	1.0493006590411968
3.1	0	0.001800842436593582
3.1	1	7.362080470323276e-5
3.1	2	0.0035492284171892256
3.1	3	0.01219293815167071
3.1	4	0.025918384917711472
3.1	5	0.04458842858825442
3.1	6	0.0680165242584396
3.1	7	0.09596858614062956
3.1	8	0.1281653264722201
3.1	9	0.16428504606664596
3.1	10	0.20396684862531084
3.1	11	0.24681424669410934
3.1	12	0.2923991232350039
3.1	13	0.340266009229955
3.1	14	0.3899366345767901
3.1	15	0.4409147068059697
3.1	16	0.4926908698708899
3.1	17	0.5447477934651294
3.1	18	0.5965653420158661
3.1	19	0.6476257717065854
3.1	20	0.6974189036021516
3.1	21	0.7454472211880862
3.1	22	0.7912308413911199
3.1	23	0.8343123094122372
3.1	24	0.8742611694638116
3.1	25	0.9106782657415448
3.1	26	0.943199730657322
3.1	27	0.9715006204838706
3.1	28	0.9952981620850748
3.1	29	1.0143545782916765
3.1	30	1.0284794636921535
3.1	31	1.0375316871006501
3.1	32	1.0414208016931361
3.1	33	1.0401079487221734
3.1	34	1.0336062457806767
3.1	35	1.0219806557352602
3.1	36	1.005347337638748
3.1	37	0.9838724861073174
3.1	38	0.9577706707588278
3.1	39	0.9273026923041283
3.1	40	0.8927729767125638
3.2	0	0.003208628355963766
3.2	1	0.011022848489121984
3.2	2	0.023431139113219507
3.2	3	0.040309520689975634
3.2	4	0.06148935000992697
3.2	5	0.0867590052196289
3.2	6	0.11586600027726367
3.2	7	0.1485195077097091
3.2	8	0.18439326446451404
3.2	9	0.22312883182247262
3.2	10	0.2643391767988195
3.2	11	0.3076125392488803
3.2	12	0.3525165460393264
3.2	13	0.39860253117759786
3.2	14	0.4454100187341952
3.2	15	0.4924713237659505
3.2	16	0.5393162252693858
3.2	17	0.5854766644735447
3.2	18	0.6304914215285123
3.2	19	0.6739107238616944
3.2	20	0.7153007401566915
3.2	21	0.7542479150524046
3.2	22	0.7903631012515007
3.2	23	0.8232854477515696
3.2	24	0.8526860053490662
3.2	25	0.8782710133910068
3.2	26	0.8997848349343162
3.2	27	0.9170125109856575
3.2	28	0.9297819083006377
3.2	29	0.9379654392822879
3.2	30	0.9414813367941548
3.2	31	0.9402944711505008
3.2	32	0.934416701120512
3.2	33	0.9239067554393957
3.2	34	0.9088696460102708
3.2	35	0.8894556186599464
3.2	36	0.8658586519322824
3.2	37	0.8383145189187008
3.2	38	0.8070984314913952
3.2	39	0.7725222904772704
3.2	40	0.7349315692479886
3.3	0	0.020958406857129186
3.3	1	0.03605558102635059
3.3	2	0.05500026305427882
3.3	3	0.07760316394036978
3.3	4	0.10363844297049571
3.3	5	0.13284596424270614
3.3	6	0.16493389585917234
3.3	7	0.19958162581404282
3.3	8	0.2364429654426247
3.3	9	0.27514960842408875
3.3	10	0.31531481077647866
3.3	11	0.35653725507474016
3.3	12	0.398405060281774
3.3	13	0.4404998971276071
3.3	14	0.4824011679171797
3.3	15	0.5236902090034803
3.3	16	0.5639544739363173
3.3	17	0.6027916554900782
3.3	18	0.6398137053845439
3.3	19	0.6746507115350301
3.3	20	0.7069545940916653
3.3	21	0.7364025833381872
3.3	22	0.7627004447002562
3.3	23	0.7855854186400584
3.3	24	0.8048288460627554
3.3	25	0.82023845300257
3.3	26	0.8316602717606988
3.3	27	0.838980179299662
3.3	28	0.8421250375229696
3.3	29	0.8410634240468065
3.3	30	0.8358059461621037
3.3	31	0.8264051348499941
3.3	32	0.8129549199096129
3.3	33	0.7955896914425954
3.3	34	0.7744829570716013
3.3	35	0.7498456083095077
3.3	36	0.7219238134011207
3.3	37	0.690996557691446
3.3	38	0.6573728560963444
3.3	39	0.6213886655276343
3.3	40	0.5834035281226878
3.4	0	0.04861410020334961
3.4	1	0.06859254444239624
3.4	2	0.09160482826263232
3.4	3	0.1174210205309753
3.4	4	0.145783174387979
3.4	5	0.1764079045675853
3.4	6	0.20898921888902963
3.4	7	0.24320157562956315
3.4	8	0.2787031362297354
3.4	9	0.3151391808312857
3.4	10	0.35214565252070984
3.4	11	0.3893527948656008
3.4	12	0.42638884639869395
3.4	13	0.46288375513556196
3.4	14	0.4984728760117188
3.4	15	0.5328006142955698
3.4	16	0.5655239785734233
3.4	17	0.5963160078063215
3.4	18	0.6248690382166612
3.4	19	0.6508977773629587
3.4	20	0.6741421546876225
3.4	21	0.694369920055993
3.4	22	0.71137896432292
3.4	23	0.7249993387405311
3.4	24	0.7350949530299427
3.4	25	0.7415649351503414
3.4	26	0.7443446391790717
3.4	27	0.7434062912323266
3.4	28	0.7387592669726135
3.4	29	0.7304499979302335
3.4	30	0.7185615075747784
3.4	31	0.7032125817720684
3.4	32	0.6845565819150431
3.4	33	0.6627799125874205
3.4	34	0.6381001590707125
3.4	35	0.6107639133040156
3.4	36	0.58104431001887
3.4	37	0.5492382976673057
3.4	38	0.5156636714110698
3.4	39	0.48065589781741874
3.4	40	0.44456476298806813
3.5	0	0.07988539205405032
3.5	1	0.10239879751327541
3.5	2	0.12713244772948648
3.5	3	0.1538392122455805
3.5	4	0.18225224589859573
3.5	5	0.21208765504837093
3.5	6	0.24304733414895696
3.5	7	0.2748219443206901
3.5	8	0.30709400416202376
3.5	9	0.3395410619187484
3.5	10	0.37183891731532964
3.5	11	0.40366486085689673
3.5	12	0.43470089823584046
3.5	13	0.4646369276258209
3.5	14	0.49317383811670806
3.5	15	0.5200264983319259
3.5	16	0.5449266053669135
3.5	17	0.5676253655830581
3.5	18	0.587895980471493
3.5	19	0.6055359127488267
3.5	20	0.6203689100427308
3.5	21	0.6322467659473814
3.5	22	0.6410508008528767
3.5	23	0.6466930477526679
3.5	24	0.649117131180811
3.5	25	0.6482988304969876
3.5	26	0.6442463218911362
3.5	27	0.6370000966896651
3.5	28	0.6266325567795037
3.5	29	0.6132472911923817
3.5	30	0.596978041077465
3.5	31	0.5779873634040024
3.5	32	0.556465006745824
3.5	33	0.5326260153763127
3.5	34	0.5067085806171104
3.5	35	0.478971660909166
3.5	36	0.44969239438559444
3.5	37	0.4191633297990605
3.5	38	0.38768950347134534
3.5	39	0.35558539147125273
3.5	40	0.3231717674736786
3.6	0	0.10916806777935625
3.6	1	0.1321010477614922
3.6	2	0.15649919346737468
3.6	3	0.1821187266900647
3.6	4	0.2087036655222935
3.6	5	0.23598838204306125
3.6	6	0.2637002563840209
3.6	7	0.29156240065708555
3.6	8	0.3192964255266787
3.6	9	0.3466252217839534
3.6	10	0.37327572913040585
3.6	11	0.3989816645061172
3.6	12	0.4234861827020651
3.6	13	0.4465444426725528
3.6	14	0.4679260539060025
3.6	15	0.4874173784107905
3.6	16	0.5048236653154408
3.6	17	0.5199709967549547
3.6	18	0.5327080256006312
3.6	19	0.5429074876705461
3.6	20	0.5504674733111907
3.6	21	0.5553124456450429
3.6	22	0.5573939953100775
3.6	23	0.5566913241501105
3.6	24	0.5532114530230999
3.6	25	0.5469891516510546
3.6	26	0.5380865912124642
3.6	27	0.5265927231484365
3.6	28	0.5126223903892994
3.6	29	0.49631517988200397
3.6	30	0.47783402788349216
3.6	31	0.45736359195547616
3.6	32	0.43510840592712274
3.6	33	0.41129083626064056
3.6	34	0.3861488602390954
3.6	35	0.3599336881760621
3.6	36	0.3329072534052102
3.6	37	0.3053395951290196
3.6	38	0.2775061602763291
3.6	39	0.24968505132767652
3.6	40	0.2221542476072409
3.7	0	0.1319873775824321
3.7	1	0.15359423018038995
3.7	2	0.17601528093415458
3.7	3	0.19902650611600797
3.7	4	0.2223979851704332
3.7	5	0.2458961980043018
3.7	6	0.2692863582424545
3.7	7	0.2923347591355507
3.7	8	0.3148111086806552
3.7	9	0.3364908306228061
3.7	10	0.35715730834672105
3.7	11	0.3766040492384119
3.7	12	0.39463674789112685
3.7	13	0.4110752275407458
3.7	14	0.42575524033244816
3.7	15	0.4385301084309867
3.7	16	0.4492721895771307
3.7	17	0.4578741524469278
3.7	18	0.46425004907081396
3.7	19	0.4683361735973144
3.7	20	0.4700916988208535
3.7	21	0.46949908411369723
3.7	22	0.4665642506861071
3.7	23	0.4613165224235647
3.7	24	0.45380833289220074
3.7	25	0.44411470143993553
3.7	26	0.4323324836279514
3.7	27	0.41857940348194195
3.7	28	0.4029928772325631
3.7	29	0.385728640297877
3.7	30	0.3669591912265378
3.7	31	0.34687206814931115
3.7	32	0.3256679749600642
3.7	33	0.3035587759488037
3.7	34	0.2807653789237191
3.7	35	0.25751552797339095
3.7	36	0.23404152792313557
3.7	37	0.21057792322198188
3.7	38	0.18735915445206858
3.7	39	0.16461721587583844
3.7	40	0.142579337426061
3.8	0	0.14530879191800197
3.8	1	0.1643056273858218
3.8	2	0.1835998691625108
3.8	3	0.2029987355620643
3.8	4	0.222308399523831
3.8	5	0.2413359252684309
3.8	6	0.2598911960482878
3.8	7	0.2777888137313265
3.8	8	0.2948499512378242
3.8	9	0.3109041393214776
3.8	10	0.3257909698417642
3.8	11	0.3393616985090571
3.8	12	0.3514807310883994
3.8	13	0.36202697821227786
3.8	14	0.3708950652655562
3.8	15	0.37799638525379814
3.8	16	0.3832599841350654
3.8	17	0.38663326976925083
3.8	18	0.3880825374013577
3.8	19	0.38759330642826995
3.8	20	0.3851704650841527
3.8	21	0.38083822159883135
3.8	22	0.37463986231716184
3.8	23	0.36663731919618187
3.8	24	0.35691055100146657
3.8	25	0.34555674438557593
3.8	26	0.3326893428311463
3.8	27	0.3184369131611119
3.8	28	0.30294186094150943
3.8	29	0.286359007612133
3.8	30	0.26885404356188797
3.8	31	0.25060187260519234
3.8	32	0.23178486440087942
3.8	33	0.2125910322748519
3.8	34	0.19321215465307423
3.8	35	0.17384185887493905
3.8	36	0.1546736865328926
3.8	37	0.13589915966882088
3.8	38	0.11770586714911731
3.8	39	0.10027559033873447
3.8	40	0.08378248680187919
3.9	0	0.14769356631045305
3.9	1	0.16329863059507999
3.9	2	0.17883193760547564
3.9	3	0.19413828367262054
3.9	4	0.20906473284621718
3.9	5	0.22346214498015132
3.9	6	0.23718666589153198
3.9	7	0.25010116470413624
3.9	8	0.26207660401479443
3.9	9	0.2729933291924682
3.9	10	0.28274226392777213
3.9	11	0.2912260000874
3.9	12	0.2983597709839954
3.9	13	0.3040722983368706
3.9	14	0.3083065044610262
3.9	15	0.3110200825685121
3.9	16	0.312185919483868
3.9	17	0.31179236655000997
3.9	18	0.3098433560177619
3.9	19	0.30635836175610487
3.9	20	0.30137220467571524
3.9	21	0.294934704809936
3.9	22	0.28711018352947154
3.9	23	0.2779768208645132
3.9	24	0.2676258743557211
3.9	25	0.25616076723904285
3.9	26	0.24369605507492814
3.9	27	0.23035628114703455
3.9	28	0.21627473206690662
3.9	29	0.20159210601821173
3.9	30	0.18645510694699724
3.9	31	0.17101497874435667
3.9	32	0.15542599406746269
3.9	33	0.1398439128981736
3.9	34	0.12442442624078172
3.9	35	0.10932160050896281
3.9	36	0.0946863381450993
3.9	37	0.08066486985295611
3.9	38	0.06739729350882714
3.9	39	0.05501617434986526
3.9	40	0.04364522042605276
4.0	0	0.13929137492346932
4.0	1	0.15121341758147927
4.0	2	0.16283956029376345
4.0	3	0.17405363848543273
4.0	4	0.18474360479407706
4.0	5	0.19480264860997362
4.0	6	0.20413026329239187
4.0	7	0.21263325039872447
4.0	8	0.220226650892519
4.0	9	0.22683459402608566
4.0	10	0.23239105541592958
4.0	11	0.23684051673656534
4.0	12	0.24013852044127357
4.0	13	0.24225211396721189
4.0	14	0.24316017898653025
4.0	15	0.24285364241372195
4.0	16	0.24133556706089507
4.0	17	0.238621121035166
4.0	18	0.2347374261839472
4.0	19	0.22972328710241335
4.0	20	0.22362880341081312
4.0	21	0.2165148691756244
4.0	22	0.20845256447617128
4.0	23	0.19952244519596687
4.0	24	0.18981373813495434
4.0	25	0.17942344948481528
4.0	26	0.16845539557516914
4.0	27	0.15701916557512446
4.0	28	0.14522902651452646
4.0	29	0.13320278156556725
4.0	30	0.12106059299242856
4.0	31	0.10892378152965927
4.0	32	0.09691361418549893
4.0	33	0.08515009258201664
4.0	34	0.07375075393857161
4.0	35	0.0628294966787685
4.0	36	0.05249544239505965
4.0	37	0.04285184554186365
4.0	38	0.03399506175118819
4.0	39	0.026013585079006564
4.0	40	0.01898716380190159
